lightgbm:
  f1_score: 0.845360824742268
  pr_auc: 0.8707677207039116
  precision: 0.8541666666666666
  recall: 0.8367346938775511
  roc_auc: 0.977614688250089
logistic_regression:
  f1_score: 0.1054481546572935
  pr_auc: 0.7222247819472386
  precision: 0.05593536357986327
  recall: 0.9183673469387755
  roc_auc: 0.9760670464725001
random_forest:
  f1_score: 0.8290155440414507
  pr_auc: 0.8432964297852865
  precision: 0.8421052631578947
  recall: 0.8163265306122449
  roc_auc: 0.9713475869385457
xgboost:
  f1_score: 0.841025641025641
  pr_auc: 0.8803251912700567
  precision: 0.845360824742268
  recall: 0.8367346938775511
  roc_auc: 0.981542247596844
